1 0 0 -0.0025 0 -1.192093E-07 -1 0.9078 0 1 -1.192093E-07 -9.5 0 0 0 1
0.9939854 1.117587E-08 -0.1095133 -0.0029 -0.1095133 -1.192093E-07 -0.9939854 0.9041 -1.117587E-08 1 -1.192093E-07 -9.5 0 0 0 1
0.9939854 0.0183178 -0.1079704 -0.0125 -0.1095133 0.1662595 -0.979982 0.9111 -3.72529E-09 0.985912 0.1672655 -9.501 0 0 0 1
0.9939854 -0.03509896 -0.1037363 -0.0117 -0.1095133 -0.3185722 -0.9415513 0.918 -1.117587E-08 0.9472486 -0.3204999 -9.4602 0 0 0 1
0.9987342 -0.03509897 0.03602727 -0.0066 0.0229877 -0.3185719 -0.9476198 0.9181 0.04473777 0.9472486 -0.317362 -9.46 0 0 0 1
0.9975234 0.04418504 0.05472493 0.0062 0.06732646 -0.3746785 -0.924707 0.9184 -0.02035396 0.9261013 -0.3767253 -9.4594 0 0 0 1
0.9975234 0.04418504 0.05472493 0.0101 0.06732646 -0.3746785 -0.924707 0.9172 -0.02035396 0.9261013 -0.3767253 -9.4122 0 0 0 1
0.9854732 0.04418506 0.1639829 0.0093 0.1685085 -0.3746786 -0.9117132 0.9219 0.02115679 0.9261014 -0.3766813 -9.4103 0 0 0 1
0.9854731 0.06881473 0.1552651 0.019 0.1685085 -0.510088 -0.8434543 0.9236 0.02115677 0.8573651 -0.5142739 -9.4101 0 0 0 1
0.9854731 0.06881473 0.1552651 0.017 0.1685085 -0.510088 -0.8434543 0.9293 0.02115677 0.8573651 -0.5142739 -9.3641 0 0 0 1
0.8531832 -0.5184529 0.05731502 0.017 -0.3152948 -0.6001295 -0.7351421 0.9293 0.4155329 0.6091397 -0.6754858 -9.3641 0 0 0 1
0.8531832 -0.514785 -0.08411223 0.0034 -0.3152948 -0.3805076 -0.8693694 0.9288 0.415533 0.7682515 -0.4869517 -9.3365 0 0 0 1
